
  m.c — Democracy of Experts. parliament in session.

[data] found m_data.txt (22.0 MB)
[data] 23060483 bytes (22.0 MB)
[bpe] training 2000 merges on 2097152 bytes...
[bpe] 500/2000 merges (vocab=758)
[bpe] 1000/2000 merges (vocab=1258)
[bpe] 1500/2000 merges (vocab=1758)
[bpe] 2000/2000 merges (vocab=2258)
[bpe] done: 2000 merges, vocab=2258
[bpe] saved 2000 merges to m_bpe.cache
[tokenizer] 10929035 tokens (0.5 tok/byte) compression=2.11 health=0.53 code=1%
[parser] quality=1.00 noise=0.000 domain_shift=0.000
[model] depth=4 dim=256 heads=4 kv=4 hidden=384
[model] initial_experts=4 max=16 params=6.94M
[steps] 6400 (explicit via --steps)
[self] --steps given explicitly. ignoring existing weights. training from scratch.
[env] cpu=30 mem=216.3GB disk=465.1GB compiler=yes curl=yes ggufs=0
[symbiont] no compatible GGUF found. the symbiont swims alone.
[train] 6400 steps, seq=256, lr=1.0e-04
[parliament] democracy initialized. may the best experts survive.

  step    1/6400  loss=8.2950  lr=7.54e-07  tok/s=126  experts=16  consensus=0.13  chuck:λ=1.00,σ=0.75  drift=0.000(0.50)  eph:temp=1.37,layers=4  (8.1s)
    L0: e0=30.1% e1=15.3% e2=28.2% e3=26.4%
    L1: e0=18.4% e1=27.2% e2=27.7% e3=26.7%
    L2: e0=30.1% e1=26.5% e2=16.6% e3=26.9%
    L3: e0=26.2% e1=27.0% e2=28.3% e3=18.4%
  step   20/6400  loss=8.1007  lr=3.01e-06  tok/s=157  experts=16  consensus=0.34  chuck:λ=1.00,σ=0.75  drift=0.000(0.50)  eph:temp=1.16,layers=4  (130.5s)
    L0: e0=68.5% e1=5.5% e2=10.3% e3=15.8%
    L1: e0=65.8% e1=20.6% e2=7.7% e3=6.0%
    L2: e0=69.3% e1=9.7% e2=6.5% e3=14.5%
    L3: e0=65.6% e1=22.2% e2=5.7% e3=6.5%
  step   40/6400  loss=6.8499  lr=6.03e-06  tok/s=161  experts=16  consensus=0.34  chuck:λ=1.00,σ=0.75  drift=0.000(0.50)  eph:temp=1.16,layers=4  (255.0s)
    L0: e0=68.4% e1=4.1% e2=10.0% e3=17.5%
    L1: e0=65.2% e1=22.3% e2=5.5% e3=7.0%
    L2: e0=68.2% e1=6.5% e2=5.9% e3=19.4%
    L3: e0=62.6% e1=21.4% e2=7.9% e3=8.1%
  step   60/6400  loss=5.7372  lr=9.04e-06  tok/s=159  experts=15  consensus=0.31  chuck:λ=1.00,σ=0.75  drift=0.000(0.50)  eph:temp=1.19,layers=4  (386.2s)
    L0: e0=67.2% e2=12.3% e3=20.5%
    L1: e0=56.8% e1=24.2% e2=8.0% e3=10.9%
    L2: e0=66.9% e1=7.1% e2=11.0% e3=15.0%
    L3: e0=48.3% e1=22.0% e2=7.6% e3=22.2%
  step   80/6400  loss=5.3826  lr=1.21e-05  tok/s=154  experts=15  consensus=0.24  chuck:λ=1.00,σ=0.75  drift=0.000(0.50)  eph:temp=1.26,layers=4  (532.6s)
    L0: e0=65.0% e2=14.1% e3=21.0%
    L1: e0=44.0% e1=28.5% e2=7.1% e3=20.4%
    L2: e0=48.1% e1=13.4% e2=23.6% e3=14.9%
    L3: e0=45.5% e1=19.1% e2=8.5% e3=27.0%
  step  100/6400  loss=5.2605  lr=1.51e-05  tok/s=149  experts=15  consensus=0.22  chuck:λ=1.00,σ=0.75  drift=0.092(0.96)  eph:temp=1.28,layers=4  (686.9s)
    L0: e0=63.5% e2=18.8% e3=17.7%
    L1: e0=45.8% e1=22.9% e2=15.9% e3=15.3%
    L2: e0=46.7% e1=17.1% e2=19.1% e3=17.1%
    L3: e0=45.5% e1=17.4% e2=12.1% e3=24.9%
  step  120/6400  loss=5.1938  lr=1.81e-05  tok/s=146  experts=15  consensus=0.19  chuck:λ=1.00,σ=0.75  drift=0.092(0.96)  eph:temp=1.30,layers=4  (842.3s)
    L0: e0=59.0% e2=18.0% e3=23.0%
    L1: e0=39.4% e1=28.4% e2=19.9% e3=12.3%
    L2: e0=43.6% e1=15.8% e2=23.7% e3=16.9%
    L3: e0=41.9% e1=19.8% e2=18.9% e3=19.5%
  step  140/6400  loss=5.0652  lr=2.11e-05  tok/s=144  experts=15  consensus=0.14  chuck:λ=1.00,σ=0.75  drift=0.092(0.96)  eph:temp=1.35,layers=4  (997.7s)
    L0: e0=54.7% e2=18.1% e3=27.2%
    L1: e0=37.6% e1=27.1% e2=22.0% e3=13.3%
    L2: e0=38.8% e1=17.8% e2=24.0% e3=19.5%
    L3: e0=38.1% e1=16.2% e2=15.9% e3=29.8%
  step  160/6400  loss=4.9950  lr=2.41e-05  tok/s=142  experts=15  consensus=0.12  chuck:λ=1.00,σ=0.75  drift=0.124(0.91)  eph:temp=1.37,layers=4  (1153.2s)
    L0: e0=50.5% e2=19.3% e3=30.2%
    L1: e0=35.1% e1=27.9% e2=23.0% e3=14.0%
    L2: e0=35.4% e1=18.9% e2=25.5% e3=20.2%
    L3: e0=35.2% e1=17.4% e2=18.2% e3=29.3%
  step  180/6400  loss=4.8809  lr=2.71e-05  tok/s=141  experts=15  consensus=0.12  chuck:λ=1.00,σ=0.75  drift=0.124(0.91)  eph:temp=1.36,layers=4  (1308.7s)
    L0: e0=49.4% e2=21.9% e3=28.7%
    L1: e0=35.7% e1=23.0% e2=22.3% e3=18.9%
    L2: e0=33.1% e1=22.2% e2=23.6% e3=21.1%
    L3: e0=32.6% e1=19.5% e2=25.9% e3=22.0%
  step  200/6400  loss=4.8751  lr=3.01e-05  tok/s=140  experts=15  consensus=0.15  chuck:λ=1.00,σ=0.75  drift=0.053(0.89)  eph:temp=1.34,layers=4  (1464.1s)
    L0: e0=50.5% e2=23.8% e3=25.7%
    L1: e0=35.0% e1=23.4% e2=23.4% e3=18.2%
    L2: e0=31.3% e1=22.9% e2=22.9% e3=22.8%
    L3: e0=28.6% e1=20.9% e2=19.6% e3=30.9%
  step  220/6400  loss=4.8256  lr=3.32e-05  tok/s=139  experts=15  consensus=0.13  chuck:λ=1.00,σ=0.75  drift=0.053(0.89)  eph:temp=1.36,layers=4  (1619.6s)
    L0: e0=40.8% e2=26.2% e3=32.9%
    L1: e0=31.9% e1=21.6% e2=27.0% e3=19.5%
    L2: e0=28.5% e1=23.6% e2=25.5% e3=22.4%
    L3: e0=26.3% e1=21.8% e2=28.8% e3=23.0%
  step  240/6400  loss=4.8052  lr=3.62e-05  tok/s=138  experts=15  consensus=0.16  chuck:λ=1.00,σ=0.75  drift=0.053(0.89)  eph:temp=1.33,layers=4  (1775.0s)
    L0: e0=39.3% e2=26.1% e3=34.6%
    L1: e0=31.3% e1=25.3% e2=25.3% e3=18.1%
    L2: e0=27.6% e1=23.0% e2=24.1% e3=25.2%
    L3: e0=28.3% e1=21.6% e2=19.6% e3=30.6%
  step  260/6400  loss=4.6670  lr=3.92e-05  tok/s=138  experts=15  consensus=0.16  chuck:λ=1.00,σ=0.75  drift=0.032(0.89)  eph:temp=1.33,layers=4  (1930.4s)
    L0: e0=44.4% e2=23.3% e3=32.3%
    L1: e0=33.2% e1=26.8% e2=23.4% e3=16.6%
    L2: e0=23.0% e1=25.0% e2=24.9% e3=27.0%
    L3: e0=23.8% e1=23.0% e2=28.0% e3=25.2%
  step  280/6400  loss=4.6659  lr=4.22e-05  tok/s=137  experts=15  consensus=0.15  chuck:λ=1.00,σ=0.75  drift=0.032(0.89)  eph:temp=1.35,layers=4  (2085.7s)
    L0: e0=36.5% e2=24.1% e3=39.4%
    L1: e0=30.7% e1=26.4% e2=24.8% e3=18.1%
    L2: e0=27.1% e1=23.5% e2=26.0% e3=23.4%
    L3: e0=23.9% e1=25.0% e2=27.0% e3=24.1%
  step  300/6400  loss=4.5856  lr=4.52e-05  tok/s=137  experts=15  consensus=0.14  chuck:λ=1.00,σ=0.75  drift=0.031(0.89)  eph:temp=1.35,layers=4  (2241.1s)
    L0: e0=37.9% e2=27.9% e3=34.2%
    L1: e0=31.0% e1=23.7% e2=25.4% e3=19.9%
    L2: e0=25.6% e1=22.8% e2=26.2% e3=25.4%
    L3: e0=24.3% e1=23.7% e2=27.4% e3=24.6%
  step  320/6400  loss=4.4851  lr=4.82e-05  tok/s=137  experts=15  consensus=0.16  chuck:λ=1.00,σ=0.75  drift=0.031(0.89)  eph:temp=1.33,layers=4  (2396.5s)
    L0: e0=41.0% e2=24.3% e3=34.6%
    L1: e0=31.1% e1=25.9% e2=22.3% e3=20.8%
    L2: e0=24.5% e1=24.0% e2=24.1% e3=27.4%
    L3: e0=25.1% e1=23.1% e2=20.5% e3=31.3%
  step  340/6400  loss=4.4966  lr=5.12e-05  tok/s=136  experts=15  consensus=0.13  chuck:λ=1.00,σ=0.75  drift=0.031(0.89)  eph:temp=1.35,layers=4  (2551.9s)
    L0: e0=35.1% e2=29.1% e3=35.8%
    L1: e0=27.5% e1=25.8% e2=24.2% e3=22.4%
    L2: e0=23.6% e1=25.4% e2=24.1% e3=26.9%
    L3: e0=24.4% e1=24.3% e2=26.7% e3=24.7%
  step  360/6400  loss=4.3525  lr=5.43e-05  tok/s=136  experts=15  consensus=0.17  chuck:λ=1.00,σ=0.75  drift=0.036(0.88)  eph:temp=1.31,layers=4  (2707.4s)
    L0: e0=39.0% e2=25.3% e3=35.6%
    L1: e0=29.1% e1=26.7% e2=24.3% e3=19.9%
    L2: e0=26.0% e1=24.4% e2=24.7% e3=24.9%
    L3: e0=25.4% e1=23.0% e2=27.9% e3=23.6%
  step  380/6400  loss=4.3384  lr=5.73e-05  tok/s=136  experts=15  consensus=0.20  chuck:λ=1.00,σ=0.75  drift=0.036(0.88)  eph:temp=1.28,layers=4  (2862.2s)
    L0: e0=40.3% e2=23.7% e3=35.9%
    L1: e0=29.1% e1=26.2% e2=25.9% e3=18.8%
    L2: e0=25.6% e1=24.3% e2=27.1% e3=22.9%
    L3: e0=25.0% e1=23.8% e2=21.1% e3=30.1%
  step  400/6400  loss=4.2402  lr=6.03e-05  tok/s=136  experts=15  consensus=0.18  chuck:λ=1.00,σ=0.75  drift=0.039(0.88)  eph:temp=1.30,layers=4  (3015.0s)
    L0: e0=33.1% e2=27.9% e3=39.1%
    L1: e0=27.6% e1=26.9% e2=24.6% e3=20.9%
    L2: e0=21.9% e1=22.1% e2=26.3% e3=29.7%
    L3: e0=25.3% e1=22.5% e2=26.5% e3=25.7%
  step  420/6400  loss=4.2148  lr=6.33e-05  tok/s=136  experts=15  consensus=0.18  chuck:λ=1.00,σ=0.75  drift=0.039(0.88)  eph:temp=1.29,layers=4  (3165.7s)
    L0: e0=35.5% e2=28.9% e3=35.6%
    L1: e0=28.5% e1=25.4% e2=27.9% e3=18.2%
    L2: e0=24.3% e1=25.2% e2=25.4% e3=25.1%
    L3: e0=24.5% e1=24.2% e2=24.7% e3=26.6%
  step  440/6400  loss=4.1995  lr=6.63e-05  tok/s=136  experts=15  consensus=0.16  chuck:λ=1.00,σ=0.75  drift=0.039(0.88)  eph:temp=1.32,layers=4  (3316.8s)
    L0: e0=37.3% e2=24.6% e3=38.1%
    L1: e0=29.0% e1=24.0% e2=27.5% e3=19.5%
    L2: e0=24.6% e1=24.8% e2=24.8% e3=25.8%
    L3: e0=22.7% e1=24.2% e2=26.4% e3=26.6%
  step  460/6400  loss=4.1004  lr=6.93e-05  tok/s=136  experts=15  consensus=0.19  chuck:λ=1.00,σ=0.75  drift=0.021(0.88)  eph:temp=1.28,layers=4  (3467.4s)
    L0: e0=37.2% e2=26.0% e3=36.8%
    L1: e0=24.9% e1=26.2% e2=27.9% e3=21.0%
    L2: e0=23.1% e1=25.3% e2=26.1% e3=25.6%
    L3: e0=23.5% e1=24.9% e2=23.7% e3=28.0%
  step  480/6400  loss=4.1456  lr=7.23e-05  tok/s=136  experts=15  consensus=0.16  chuck:λ=1.00,σ=0.75  drift=0.021(0.88)  eph:temp=1.31,layers=4  (3619.0s)
    L0: e0=41.2% e2=28.5% e3=30.3%
    L1: e0=27.4% e1=23.8% e2=26.6% e3=22.2%
    L2: e0=22.1% e1=24.5% e2=26.5% e3=26.8%
    L3: e0=26.0% e1=23.9% e2=28.9% e3=21.2%
  step  500/6400  loss=4.0679  lr=7.54e-05  tok/s=136  experts=15  consensus=0.18  chuck:λ=1.00,σ=0.75  drift=0.023(0.88)  eph:temp=1.29,layers=4  (3771.5s)
    L0: e0=34.8% e2=31.2% e3=34.0%
    L1: e0=28.1% e1=24.5% e2=24.0% e3=23.3%
    L2: e0=26.6% e1=26.2% e2=26.2% e3=20.9%
    L3: e0=26.4% e1=24.2% e2=24.9% e3=24.5%
  step  520/6400  loss=4.0566  lr=7.54e-05  tok/s=136  experts=15  consensus=0.18  chuck:λ=1.00,σ=0.75  drift=0.023(0.88)  eph:temp=1.29,layers=4  (3923.3s)
    L0: e0=34.0% e2=28.5% e3=37.5%
    L1: e0=26.7% e1=27.9% e2=23.9% e3=21.4%
    L2: e0=21.9% e1=26.1% e2=25.3% e3=26.7%
    L3: e0=25.4% e1=25.2% e2=24.2% e3=25.2%
  step  540/6400  loss=4.0235  lr=7.53e-05  tok/s=136  experts=15  consensus=0.21  chuck:λ=1.00,σ=0.75  drift=0.023(0.88)  eph:temp=1.26,layers=4  (4074.5s)
    L0: e0=38.2% e2=25.8% e3=35.9%
    L1: e0=22.2% e1=28.4% e2=25.4% e3=24.1%
    L2: e0=24.4% e1=24.0% e2=25.2% e3=26.4%
    L3: e0=27.8% e1=25.0% e2=23.8% e3=23.3%
  step  560/6400  loss=3.9605  lr=7.53e-05  tok/s=136  experts=15  consensus=0.17  chuck:λ=1.00,σ=0.75  drift=0.091(0.86)  eph:temp=1.30,layers=4  (4224.5s)
    L0: e0=36.2% e2=28.2% e3=35.6%
    L1: e0=24.9% e1=28.8% e2=24.8% e3=21.6%
    L2: e0=23.8% e1=25.7% e2=23.3% e3=27.2%
    L3: e0=23.4% e1=26.9% e2=23.8% e3=25.9%
  step  580/6400  loss=3.9710  lr=7.53e-05  tok/s=136  experts=15  consensus=0.19  chuck:λ=1.00,σ=0.75  drift=0.091(0.86)  eph:temp=1.27,layers=4  (4376.2s)
    L0: e0=36.6% e2=26.0% e3=37.5%
    L1: e0=22.3% e1=26.6% e2=28.1% e3=23.0%
    L2: e0=23.7% e1=24.7% e2=27.4% e3=24.2%
    L3: e0=24.3% e1=24.2% e2=27.5% e3=24.0%
  step  600/6400  loss=3.9980  lr=7.53e-05  tok/s=136  experts=15  consensus=0.19  chuck:λ=1.00,σ=0.75  drift=0.017(0.86)  eph:temp=1.28,layers=4  (4527.8s)
    L0: e0=33.5% e2=29.4% e3=37.0%
    L1: e0=24.9% e1=27.8% e2=26.9% e3=20.4%
    L2: e0=27.2% e1=24.1% e2=24.1% e3=24.6%
    L3: e0=26.3% e1=26.7% e2=21.8% e3=25.2%
  step  620/6400  loss=3.9181  lr=7.53e-05  tok/s=136  experts=15  consensus=0.19  chuck:λ=1.00,σ=0.75  drift=0.017(0.86)  eph:temp=1.27,layers=4  (4677.9s)
    L0: e0=38.8% e2=27.8% e3=33.5%
    L1: e0=27.2% e1=27.3% e2=26.0% e3=19.4%
    L2: e0=26.0% e1=23.3% e2=24.2% e3=26.5%
    L3: e0=23.5% e1=26.8% e2=25.2% e3=24.5%
  step  640/6400  loss=3.9470  lr=7.53e-05  tok/s=136  experts=15  consensus=0.17  chuck:λ=1.00,σ=0.75  drift=0.017(0.86)  eph:temp=1.29,layers=4  (4826.5s)
    L0: e0=32.1% e2=28.3% e3=39.6%
    L1: e0=25.1% e1=28.2% e2=25.2% e3=21.4%
    L2: e0=23.4% e1=25.3% e2=25.2% e3=26.1%
    L3: e0=21.4% e1=26.0% e2=26.7% e3=25.9%
  step  660/6400  loss=3.8571  lr=7.52e-05  tok/s=136  experts=15  consensus=0.22  chuck:λ=1.00,σ=0.75  drift=0.020(0.87)  eph:temp=1.24,layers=4  (4974.8s)
    L0: e0=34.5% e2=27.9% e3=37.6%
    L1: e0=28.0% e1=25.3% e2=28.0% e3=18.8%
    L2: e0=27.2% e1=24.9% e2=24.7% e3=23.3%
    L3: e0=24.6% e1=25.8% e2=23.0% e3=26.6%
  step  680/6400  loss=3.8492  lr=7.52e-05  tok/s=136  experts=15  consensus=0.24  chuck:λ=1.00,σ=0.75  drift=0.020(0.87)  eph:temp=1.23,layers=4  (5124.7s)
    L0: e0=32.6% e2=30.0% e3=37.4%
    L1: e0=24.6% e1=24.9% e2=27.4% e3=23.1%
    L2: e0=21.2% e1=27.1% e2=23.0% e3=28.8%
    L3: e0=22.8% e1=26.0% e2=24.1% e3=27.1%
  step  700/6400  loss=3.8590  lr=7.51e-05  tok/s=136  experts=15  consensus=0.19  chuck:λ=1.00,σ=0.75  drift=0.025(0.87)  eph:temp=1.27,layers=4  (5275.7s)
    L0: e0=35.6% e2=28.4% e3=36.0%
    L1: e0=25.1% e1=26.5% e2=27.6% e3=20.8%
    L2: e0=24.6% e1=24.8% e2=24.4% e3=26.2%
    L3: e0=23.7% e1=26.5% e2=23.4% e3=26.4%
  step  720/6400  loss=3.8175  lr=7.51e-05  tok/s=136  experts=15  consensus=0.23  chuck:λ=1.00,σ=0.75  drift=0.025(0.87)  eph:temp=1.23,layers=4  (5424.5s)
    L0: e0=34.9% e2=28.0% e3=37.1%
    L1: e0=24.9% e1=29.1% e2=24.6% e3=21.5%
    L2: e0=24.9% e1=26.3% e2=24.3% e3=24.5%
    L3: e0=22.8% e1=24.6% e2=25.9% e3=26.7%
  step  740/6400  loss=3.8212  lr=7.51e-05  tok/s=136  experts=15  consensus=0.20  chuck:λ=1.00,σ=0.75  drift=0.025(0.87)  eph:temp=1.26,layers=4  (5573.5s)
    L0: e0=31.9% e2=29.0% e3=39.1%
    L1: e0=22.9% e1=26.7% e2=28.6% e3=21.7%
    L2: e0=23.8% e1=25.0% e2=26.3% e3=24.9%
    L3: e0=25.6% e1=26.5% e2=23.5% e3=24.3%
  step  760/6400  loss=3.8316  lr=7.50e-05  tok/s=136  experts=15  consensus=0.16  chuck:λ=1.00,σ=0.75  drift=0.020(0.87)  eph:temp=1.30,layers=4  (5722.1s)
    L0: e0=35.8% e2=25.3% e3=38.9%
    L1: e0=24.1% e1=26.9% e2=25.6% e3=23.3%
    L2: e0=27.0% e1=23.8% e2=23.7% e3=25.5%
    L3: e0=24.5% e1=26.2% e2=25.9% e3=23.4%
  step  780/6400  loss=3.8815  lr=7.49e-05  tok/s=136  experts=15  consensus=0.20  chuck:λ=1.00,σ=0.75  drift=0.020(0.87)  eph:temp=1.25,layers=4  (5870.6s)
    L0: e0=34.5% e2=32.4% e3=33.2%
    L1: e0=22.5% e1=24.4% e2=27.6% e3=25.5%
    L2: e0=19.3% e1=27.6% e2=26.6% e3=26.6%
    L3: e0=22.7% e1=23.0% e2=29.3% e3=25.0%
  step  800/6400  loss=3.7752  lr=7.49e-05  tok/s=136  experts=15  consensus=0.22  chuck:λ=1.00,σ=0.75  drift=0.021(0.88)  eph:temp=1.24,layers=4  (6018.1s)
    L0: e0=38.8% e2=28.2% e3=32.9%
    L1: e0=22.0% e1=28.9% e2=27.6% e3=21.5%
    L2: e0=24.0% e1=26.0% e2=23.8% e3=26.3%
    L3: e0=21.6% e1=27.1% e2=25.3% e3=25.9%
  step  820/6400  loss=3.7871  lr=7.48e-05  tok/s=136  experts=15  consensus=0.20  chuck:λ=1.00,σ=0.75  drift=0.021(0.88)  eph:temp=1.26,layers=4  (6165.2s)
    L0: e0=40.4% e2=29.2% e3=30.4%
    L1: e0=22.7% e1=27.6% e2=24.9% e3=24.8%
    L2: e0=21.3% e1=29.1% e2=23.1% e3=26.5%
    L3: e0=28.7% e1=23.5% e2=25.7% e3=22.2%
  step  840/6400  loss=3.7809  lr=7.47e-05  tok/s=136  experts=15  consensus=0.21  chuck:λ=1.00,σ=0.75  drift=0.021(0.88)  eph:temp=1.25,layers=4  (6314.3s)
    L0: e0=34.8% e2=27.5% e3=37.7%
    L1: e0=22.3% e1=29.2% e2=25.5% e3=23.0%
    L2: e0=23.1% e1=26.1% e2=25.3% e3=25.4%
    L3: e0=23.3% e1=28.3% e2=24.8% e3=23.6%
  step  860/6400  loss=3.7870  lr=7.47e-05  tok/s=136  experts=15  consensus=0.24  chuck:λ=1.00,σ=0.75  drift=0.026(0.88)  eph:temp=1.22,layers=4  (6460.7s)
    L0: e0=39.3% e2=24.4% e3=36.3%
    L1: e0=25.3% e1=27.6% e2=27.2% e3=19.9%
    L2: e0=28.6% e1=29.3% e2=19.8% e3=22.4%
    L3: e0=21.6% e1=27.1% e2=27.3% e3=24.0%
  step  880/6400  loss=3.7995  lr=7.46e-05  tok/s=136  experts=15  consensus=0.20  chuck:λ=1.00,σ=0.75  drift=0.026(0.88)  eph:temp=1.26,layers=4  (6607.0s)
    L0: e0=32.9% e2=28.3% e3=38.8%
    L1: e0=26.7% e1=24.8% e2=27.2% e3=21.3%
    L2: e0=25.4% e1=27.7% e2=21.7% e3=25.2%
    L3: e0=28.7% e1=26.0% e2=24.1% e3=21.2%
  step  900/6400  loss=3.7916  lr=7.45e-05  tok/s=136  experts=15  consensus=0.22  chuck:λ=1.00,σ=0.75  drift=0.032(0.88)  eph:temp=1.23,layers=4  (6754.0s)
    L0: e0=34.0% e2=28.1% e3=37.8%
    L1: e0=24.9% e1=29.0% e2=26.5% e3=19.6%
    L2: e0=23.2% e1=24.1% e2=25.8% e3=26.9%
    L3: e0=23.8% e1=25.5% e2=27.9% e3=22.8%
  step  920/6400  loss=3.7678  lr=7.44e-05  tok/s=137  experts=15  consensus=0.24  chuck:λ=1.00,σ=0.75  drift=0.032(0.88)  eph:temp=1.22,layers=4  (6900.0s)
    L0: e0=32.7% e2=28.6% e3=38.8%
    L1: e0=24.6% e1=28.2% e2=25.4% e3=21.8%
    L2: e0=22.9% e1=25.3% e2=24.8% e3=26.9%
    L3: e0=20.6% e1=25.0% e2=34.4% e3=20.0%
  step  940/6400  loss=3.7895  lr=7.43e-05  tok/s=137  experts=15  consensus=0.19  chuck:λ=1.00,σ=0.75  drift=0.032(0.88)  eph:temp=1.27,layers=4  (7045.3s)
    L0: e0=33.5% e2=27.9% e3=38.6%
    L1: e0=25.3% e1=26.4% e2=26.3% e3=22.0%
    L2: e0=23.4% e1=24.3% e2=27.8% e3=24.4%
    L3: e0=26.0% e1=26.0% e2=25.1% e3=22.8%
  step  960/6400  loss=3.7151  lr=7.42e-05  tok/s=137  experts=15  consensus=0.19  chuck:λ=1.00,σ=0.75  drift=0.017(0.88)  eph:temp=1.27,layers=4  (7188.9s)
    L0: e0=35.2% e2=29.1% e3=35.7%
    L1: e0=24.3% e1=26.8% e2=28.0% e3=20.9%
    L2: e0=26.9% e1=27.7% e2=20.5% e3=24.9%
    L3: e0=26.5% e1=26.1% e2=23.0% e3=24.5%
  step  980/6400  loss=3.7000  lr=7.41e-05  tok/s=137  experts=15  consensus=0.23  chuck:λ=1.00,σ=0.75  drift=0.017(0.88)  eph:temp=1.23,layers=4  (7334.2s)
    L0: e0=32.2% e2=25.3% e3=42.5%
    L1: e0=23.2% e1=27.0% e2=27.8% e3=22.1%
    L2: e0=22.0% e1=24.9% e2=25.9% e3=27.1%
    L3: e0=21.8% e1=29.6% e2=25.7% e3=22.9%
  step 1000/6400  loss=3.7138  lr=7.40e-05  tok/s=137  experts=15  consensus=0.24  chuck:λ=1.00,σ=0.75  drift=0.013(0.89)  eph:temp=1.21,layers=4  (7480.2s)
    L0: e0=32.1% e2=29.9% e3=38.0%
    L1: e0=25.2% e1=26.5% e2=26.3% e3=21.9%
    L2: e0=23.8% e1=27.6% e2=22.6% e3=26.0%
    L3: e0=21.9% e1=26.8% e2=26.2% e3=25.2%
  step 1020/6400  loss=3.6837  lr=7.39e-05  tok/s=137  experts=15  consensus=0.21  chuck:λ=1.00,σ=0.75  drift=0.013(0.89)  eph:temp=1.24,layers=4  (7626.5s)
    L0: e0=38.7% e2=26.8% e3=34.5%
    L1: e0=22.6% e1=27.0% e2=25.9% e3=24.4%
    L2: e0=24.6% e1=28.2% e2=20.2% e3=27.1%
    L3: e0=24.6% e1=25.4% e2=24.9% e3=25.1%
  step 1040/6400  loss=3.6929  lr=7.38e-05  tok/s=137  experts=15  consensus=0.22  chuck:λ=1.00,σ=0.75  drift=0.013(0.89)  eph:temp=1.23,layers=4  (7771.2s)
    L0: e0=38.1% e2=25.6% e3=36.3%
    L1: e0=25.4% e1=26.6% e2=25.8% e3=22.2%
    L2: e0=23.6% e1=26.8% e2=22.2% e3=27.4%
    L3: e0=25.8% e1=24.8% e2=22.0% e3=27.3%
  step 1060/6400  loss=3.6870  lr=7.37e-05  tok/s=137  experts=15  consensus=0.20  chuck:λ=1.00,σ=0.75  drift=0.032(0.88)  eph:temp=1.25,layers=4  (7915.2s)
    L0: e0=31.1% e2=27.0% e3=41.8%
    L1: e0=23.2% e1=28.1% e2=26.2% e3=22.4%
    L2: e0=23.9% e1=29.8% e2=21.3% e3=25.0%
    L3: e0=25.4% e1=29.0% e2=25.6% e3=20.1%
  step 1080/6400  loss=3.6958  lr=7.36e-05  tok/s=137  experts=15  consensus=0.24  chuck:λ=1.00,σ=0.75  drift=0.032(0.88)  eph:temp=1.21,layers=4  (8058.6s)
    L0: e0=36.8% e2=29.6% e3=33.6%
    L1: e0=25.2% e1=27.4% e2=27.0% e3=20.4%
    L2: e0=24.5% e1=27.9% e2=24.1% e3=23.5%
    L3: e0=26.2% e1=26.7% e2=22.7% e3=24.3%
  step 1100/6400  loss=3.7304  lr=7.35e-05  tok/s=137  experts=15  consensus=0.24  chuck:λ=1.00,σ=0.75  drift=0.285(0.79)  eph:temp=1.21,layers=4  (8204.9s)
    L0: e0=37.0% e2=27.3% e3=35.7%
    L1: e0=26.2% e1=24.1% e2=27.1% e3=22.6%
    L2: e0=21.0% e1=25.8% e2=25.5% e3=27.6%
    L3: e0=25.3% e1=26.6% e2=25.5% e3=22.7%
  step 1120/6400  loss=3.7474  lr=7.33e-05  tok/s=137  experts=15  consensus=0.24  chuck:λ=1.00,σ=0.75  drift=0.285(0.79)  eph:temp=1.21,layers=4  (8349.6s)
    L0: e0=35.5% e2=27.4% e3=37.1%
    L1: e0=25.1% e1=26.0% e2=27.0% e3=21.9%
    L2: e0=23.8% e1=26.3% e2=21.3% e3=28.6%
    L3: e0=23.3% e1=25.5% e2=27.9% e3=23.3%
  step 1140/6400  loss=3.6654  lr=7.32e-05  tok/s=137  experts=15  consensus=0.24  chuck:λ=1.00,σ=0.75  drift=0.285(0.79)  eph:temp=1.21,layers=4  (8494.2s)
    L0: e0=28.8% e2=29.6% e3=41.6%
    L1: e0=23.6% e1=26.9% e2=28.0% e3=21.4%
    L2: e0=24.0% e1=23.7% e2=25.4% e3=26.9%
    L3: e0=22.5% e1=28.2% e2=24.5% e3=24.8%
  step 1160/6400  loss=3.6256  lr=7.31e-05  tok/s=138  experts=15  consensus=0.21  chuck:λ=1.00,σ=0.75  drift=0.145(0.76)  eph:temp=1.24,layers=4  (8638.6s)
    L0: e0=32.5% e2=26.6% e3=40.9%
    L1: e0=25.3% e1=26.3% e2=28.4% e3=20.1%
    L2: e0=25.8% e1=29.4% e2=23.8% e3=21.0%
    L3: e0=20.9% e1=27.2% e2=24.8% e3=27.1%
  step 1180/6400  loss=3.6501  lr=7.29e-05  tok/s=138  experts=15  consensus=0.22  chuck:λ=1.00,σ=0.75  drift=0.145(0.76)  eph:temp=1.23,layers=4  (8781.1s)
    L0: e0=38.9% e2=30.1% e3=31.1%
    L1: e0=25.6% e1=26.6% e2=24.3% e3=23.5%
    L2: e0=20.4% e1=26.8% e2=24.6% e3=28.2%
    L3: e0=24.4% e1=24.3% e2=28.3% e3=22.9%
  step 1200/6400  loss=3.6426  lr=7.28e-05  tok/s=138  experts=15  consensus=0.21  chuck:λ=1.00,σ=0.75  drift=0.019(0.78)  eph:temp=1.24,layers=4  (8924.5s)
    L0: e0=35.5% e2=27.8% e3=36.7%
    L1: e0=26.7% e1=25.5% e2=26.0% e3=21.7%
    L2: e0=24.6% e1=27.5% e2=27.2% e3=20.7%
    L3: e0=24.8% e1=24.3% e2=25.0% e3=26.0%
  step 1220/6400  loss=3.6370  lr=7.26e-05  tok/s=138  experts=15  consensus=0.22  chuck:λ=1.00,σ=0.75  drift=0.019(0.78)  eph:temp=1.23,layers=4  (9066.8s)
    L0: e0=37.2% e2=25.2% e3=37.6%
    L1: e0=23.8% e1=27.3% e2=28.3% e3=20.6%
    L2: e0=25.1% e1=27.1% e2=21.8% e3=26.1%
    L3: e0=26.9% e1=27.7% e2=21.9% e3=23.6%
  step 1240/6400  loss=3.6431  lr=7.25e-05  tok/s=138  experts=15  consensus=0.24  chuck:λ=1.00,σ=0.75  drift=0.019(0.78)  eph:temp=1.20,layers=4  (9209.8s)
    L0: e0=38.2% e2=26.2% e3=35.6%
    L1: e0=22.7% e1=27.4% e2=27.7% e3=22.2%
    L2: e0=24.5% e1=24.8% e2=25.0% e3=25.7%
    L3: e0=24.1% e1=23.5% e2=24.3% e3=28.0%
  step 1260/6400  loss=3.6439  lr=7.23e-05  tok/s=138  experts=15  consensus=0.25  chuck:λ=1.00,σ=0.75  drift=0.032(0.79)  eph:temp=1.20,layers=4  (9351.9s)
    L0: e0=35.3% e2=27.6% e3=37.1%
    L1: e0=24.9% e1=26.1% e2=25.9% e3=23.0%
    L2: e0=22.2% e1=24.6% e2=25.9% e3=27.3%
    L3: e0=24.2% e1=28.2% e2=27.8% e3=19.7%
[gguf] exported mycelium/m_s1280_e15_l3.543.gguf (25.4 MB)
  [mycelium] spore 0: step=1280 experts=15 loss=3.5425 fitness=0.32 (1 total)
  step 1280/6400  loss=3.6192  lr=7.22e-05  tok/s=138  experts=15  consensus=0.21  chuck:λ=1.00,σ=0.75  drift=0.032(0.79)  eph:temp=1.23,layers=4  (9494.7s)
    L0: e0=33.4% e2=28.1% e3=38.5%
    L1: e0=24.9% e1=25.1% e2=26.4% e3=23.7%
    L2: e0=23.1% e1=25.4% e2=25.2% e3=26.4%
    L3: e0=23.6% e1=26.6% e2=26.2% e3=23.6%
  step 1300/6400  loss=3.5966  lr=7.20e-05  tok/s=138  experts=15  consensus=0.23  chuck:λ=1.00,σ=0.75  drift=0.017(0.80)  eph:temp=1.21,layers=4  (9635.5s)
    L0: e0=30.1% e2=31.9% e3=38.0%
    L1: e0=23.0% e1=24.2% e2=29.1% e3=23.7%
    L2: e0=26.3% e1=26.1% e2=22.6% e3=25.0%
    L3: e0=21.9% e1=25.2% e2=28.0% e3=24.9%
  step 1320/6400  loss=3.5831  lr=7.18e-05  tok/s=138  experts=15  consensus=0.24  chuck:λ=1.00,σ=0.75  drift=0.017(0.80)  eph:temp=1.20,layers=4  (9776.0s)
    L0: e0=36.5% e2=23.9% e3=39.6%
    L1: e0=25.5% e1=27.2% e2=26.2% e3=21.1%
    L2: e0=26.9% e1=26.4% e2=19.1% e3=27.7%
    L3: e0=25.4% e1=27.0% e2=28.4% e3=19.2%
  step 1340/6400  loss=3.5763  lr=7.17e-05  tok/s=138  experts=15  consensus=0.25  chuck:λ=1.00,σ=0.75  drift=0.017(0.80)  eph:temp=1.20,layers=4  (9917.9s)
    L0: e0=38.5% e2=29.8% e3=31.7%
    L1: e0=24.4% e1=24.6% e2=26.5% e3=24.5%
    L2: e0=21.6% e1=30.9% e2=22.1% e3=25.4%
    L3: e0=23.2% e1=22.0% e2=30.8% e3=24.1%
  step 1360/6400  loss=3.6234  lr=7.15e-05  tok/s=138  experts=15  consensus=0.26  chuck:λ=1.00,σ=0.75  drift=0.024(0.81)  eph:temp=1.18,layers=4  (10061.0s)
    L0: e0=29.7% e2=31.0% e3=39.3%
    L1: e0=23.4% e1=26.5% e2=26.7% e3=23.5%
    L2: e0=23.7% e1=24.4% e2=24.2% e3=27.8%
    L3: e0=25.3% e1=27.7% e2=26.1% e3=20.9%
  step 1380/6400  loss=3.5499  lr=7.13e-05  tok/s=139  experts=15  consensus=0.24  chuck:λ=1.00,σ=0.75  drift=0.024(0.81)  eph:temp=1.20,layers=4  (10201.9s)
    L0: e0=37.2% e2=27.0% e3=35.8%
    L1: e0=23.9% e1=27.4% e2=27.5% e3=21.2%
    L2: e0=26.1% e1=26.8% e2=21.2% e3=25.9%
    L3: e0=21.9% e1=30.0% e2=25.5% e3=22.6%
  step 1400/6400  loss=3.6358  lr=7.11e-05  tok/s=139  experts=15  consensus=0.22  chuck:λ=1.00,σ=0.75  drift=0.007(0.82)  eph:temp=1.22,layers=4  (10343.0s)
    L0: e0=29.8% e2=29.0% e3=41.2%
    L1: e0=23.1% e1=28.3% e2=26.5% e3=22.2%
    L2: e0=21.7% e1=27.3% e2=25.2% e3=25.8%
    L3: e0=23.5% e1=27.6% e2=25.1% e3=23.8%
  step 1420/6400  loss=3.5837  lr=7.09e-05  tok/s=139  experts=15  consensus=0.25  chuck:λ=1.00,σ=0.75  drift=0.007(0.82)  eph:temp=1.20,layers=4  (10483.4s)
    L0: e0=32.5% e2=28.8% e3=38.7%
    L1: e0=22.8% e1=25.8% e2=26.8% e3=24.5%
    L2: e0=22.6% e1=25.7% e2=24.5% e3=27.3%
    L3: e0=23.4% e1=30.5% e2=24.6% e3=21.5%
  step 1440/6400  loss=3.5555  lr=7.07e-05  tok/s=139  experts=15  consensus=0.24  chuck:λ=1.00,σ=0.75  drift=0.007(0.82)  eph:temp=1.20,layers=4  (10622.7s)
    L0: e0=37.5% e2=28.4% e3=34.1%
    L1: e0=25.3% e1=25.3% e2=26.0% e3=23.3%
    L2: e0=25.1% e1=29.2% e2=22.2% e3=23.6%
    L3: e0=22.9% e1=24.1% e2=24.4% e3=28.6%
  step 1460/6400  loss=3.5520  lr=7.06e-05  tok/s=139  experts=15  consensus=0.24  chuck:λ=1.00,σ=0.75  drift=0.042(0.82)  eph:temp=1.19,layers=4  (10763.8s)
    L0: e0=37.4% e2=27.0% e3=35.6%
    L1: e0=25.8% e1=26.9% e2=26.0% e3=21.3%
    L2: e0=25.4% e1=26.8% e2=22.4% e3=25.4%
    L3: e0=21.4% e1=28.2% e2=25.9% e3=24.5%
  step 1480/6400  loss=3.6380  lr=7.04e-05  tok/s=139  experts=15  consensus=0.21  chuck:λ=1.00,σ=0.75  drift=0.042(0.82)  eph:temp=1.23,layers=4  (10905.9s)
    L0: e0=36.4% e2=29.1% e3=34.5%
    L1: e0=23.1% e1=26.6% e2=27.7% e3=22.7%
    L2: e0=23.3% e1=25.5% e2=23.7% e3=27.6%
    L3: e0=19.9% e1=25.9% e2=29.1% e3=25.1%
  step 1500/6400  loss=3.5342  lr=7.02e-05  tok/s=139  experts=15  consensus=0.20  chuck:λ=1.00,σ=0.75  drift=0.041(0.82)  eph:temp=1.24,layers=4  (11046.3s)
    L0: e0=32.5% e2=28.1% e3=39.4%
    L1: e0=23.0% e1=28.6% e2=27.4% e3=21.0%
    L2: e0=24.2% e1=27.5% e2=26.0% e3=22.3%
    L3: e0=23.1% e1=26.6% e2=28.1% e3=22.2%
  step 1520/6400  loss=3.5871  lr=6.99e-05  tok/s=139  experts=15  consensus=0.23  chuck:λ=1.00,σ=0.75  drift=0.041(0.82)  eph:temp=1.20,layers=4  (11185.4s)
    L0: e0=30.4% e2=28.8% e3=40.8%
    L1: e0=23.8% e1=25.9% e2=28.5% e3=21.8%
    L2: e0=23.0% e1=28.8% e2=23.6% e3=24.5%
    L3: e0=23.7% e1=24.8% e2=27.6% e3=23.9%
  step 1540/6400  loss=3.5891  lr=6.97e-05  tok/s=139  experts=15  consensus=0.26  chuck:λ=1.00,σ=0.75  drift=0.041(0.82)  eph:temp=1.17,layers=4  (11325.2s)
    L0: e0=34.5% e2=24.3% e3=41.2%
    L1: e0=22.5% e1=27.7% e2=26.8% e3=23.0%
    L2: e0=22.1% e1=27.2% e2=30.6% e3=20.1%
    L3: e0=21.3% e1=29.3% e2=24.6% e3=24.8%
  step 1560/6400  loss=3.5225  lr=6.95e-05  tok/s=139  experts=15  consensus=0.23  chuck:λ=1.00,σ=0.75  drift=0.284(0.75)  eph:temp=1.20,layers=4  (11464.1s)
    L0: e0=30.3% e2=31.1% e3=38.6%
    L1: e0=27.0% e1=27.0% e2=24.9% e3=21.0%
    L2: e0=25.1% e1=27.7% e2=23.6% e3=23.5%
    L3: e0=21.3% e1=23.5% e2=30.4% e3=24.8%
  step 1580/6400  loss=3.5525  lr=6.93e-05  tok/s=139  experts=15  consensus=0.24  chuck:λ=1.00,σ=0.75  drift=0.284(0.75)  eph:temp=1.19,layers=4  (11603.1s)
    L0: e0=40.9% e2=28.2% e3=30.9%
    L1: e0=23.5% e1=21.9% e2=28.9% e3=25.7%
    L2: e0=20.6% e1=26.8% e2=27.1% e3=25.5%
    L3: e0=24.1% e1=27.6% e2=31.0% e3=17.3%
  step 1600/6400  loss=3.5209  lr=6.91e-05  tok/s=140  experts=15  consensus=0.21  chuck:λ=1.00,σ=0.75  drift=0.045(0.75)  eph:temp=1.22,layers=4  (11742.7s)
    L0: e0=39.7% e2=30.4% e3=29.9%
    L1: e0=24.8% e1=26.6% e2=25.8% e3=22.9%
    L2: e0=21.6% e1=26.5% e2=25.1% e3=26.7%
    L3: e0=26.1% e1=27.6% e2=24.8% e3=21.5%
  step 1620/6400  loss=3.4771  lr=6.89e-05  tok/s=140  experts=15  consensus=0.31  chuck:λ=1.00,σ=0.75  drift=0.045(0.75)  eph:temp=1.13,layers=4  (11880.9s)
    L0: e0=32.6% e2=30.8% e3=36.6%
    L1: e0=25.7% e1=25.0% e2=25.6% e3=23.6%
    L2: e0=25.7% e1=29.3% e2=20.7% e3=24.3%
    L3: e0=21.6% e1=29.3% e2=23.1% e3=26.0%
  step 1640/6400  loss=3.5327  lr=6.86e-05  tok/s=140  experts=15  consensus=0.20  chuck:λ=1.00,σ=0.75  drift=0.045(0.75)  eph:temp=1.24,layers=4  (12020.1s)
    L0: e0=36.9% e2=26.4% e3=36.7%
    L1: e0=24.0% e1=26.6% e2=25.7% e3=23.7%
    L2: e0=23.4% e1=28.5% e2=24.1% e3=24.0%
    L3: e0=25.1% e1=26.1% e2=25.3% e3=23.6%
  step 1660/6400  loss=3.5252  lr=6.84e-05  tok/s=140  experts=15  consensus=0.25  chuck:λ=1.00,σ=0.75  drift=0.151(0.73)  eph:temp=1.19,layers=4  (12158.1s)
    L0: e0=30.5% e2=30.7% e3=38.8%
    L1: e0=25.6% e1=27.3% e2=26.4% e3=20.7%
    L2: e0=22.8% e1=25.1% e2=24.5% e3=27.6%
    L3: e0=22.1% e1=28.5% e2=26.5% e3=22.9%
  step 1680/6400  loss=3.4959  lr=6.82e-05  tok/s=140  experts=15  consensus=0.27  chuck:λ=1.00,σ=0.75  drift=0.151(0.73)  eph:temp=1.17,layers=4  (12294.2s)
    L0: e0=32.7% e2=29.6% e3=37.7%
    L1: e0=23.8% e1=24.5% e2=26.0% e3=25.6%
    L2: e0=23.3% e1=29.8% e2=17.5% e3=29.4%
    L3: e0=22.2% e1=25.5% e2=27.6% e3=24.7%
  step 1700/6400  loss=3.4436  lr=6.79e-05  tok/s=140  experts=15  consensus=0.22  chuck:λ=1.00,σ=0.75  drift=0.036(0.74)  eph:temp=1.21,layers=4  (12431.1s)
    L0: e0=35.5% e2=28.1% e3=36.4%
    L1: e0=21.8% e1=26.7% e2=28.4% e3=23.1%
    L2: e0=26.9% e1=25.6% e2=24.8% e3=22.7%
    L3: e0=18.2% e1=29.5% e2=22.8% e3=29.5%
  step 1720/6400  loss=3.4701  lr=6.77e-05  tok/s=140  experts=15  consensus=0.30  chuck:λ=1.00,σ=0.75  drift=0.036(0.74)  eph:temp=1.14,layers=4  (12568.6s)
    L0: e0=36.8% e2=26.1% e3=37.1%
    L1: e0=24.8% e1=27.9% e2=24.7% e3=22.6%
    L2: e0=23.5% e1=30.2% e2=20.3% e3=26.0%
    L3: e0=22.1% e1=25.5% e2=26.9% e3=25.5%
  step 1740/6400  loss=3.4793  lr=6.75e-05  tok/s=140  experts=15  consensus=0.28  chuck:λ=1.00,σ=0.75  drift=0.036(0.74)  eph:temp=1.16,layers=4  (12707.2s)
    L0: e0=38.0% e2=26.4% e3=35.6%
    L1: e0=20.9% e1=27.5% e2=26.9% e3=24.7%
    L2: e0=22.5% e1=28.1% e2=22.7% e3=26.7%
    L3: e0=24.2% e1=28.1% e2=27.9% e3=19.8%
  step 1760/6400  loss=3.4761  lr=6.72e-05  tok/s=140  experts=15  consensus=0.19  chuck:λ=1.00,σ=0.75  drift=0.039(0.75)  eph:temp=1.24,layers=4  (12845.3s)
    L0: e0=35.8% e2=26.0% e3=38.2%
    L1: e0=25.0% e1=25.4% e2=27.3% e3=22.3%
    L2: e0=26.3% e1=25.4% e2=22.4% e3=25.9%
    L3: e0=26.2% e1=25.1% e2=27.4% e3=21.3%
  step 1780/6400  loss=3.5284  lr=6.70e-05  tok/s=140  experts=15  consensus=0.22  chuck:λ=1.00,σ=0.75  drift=0.039(0.75)  eph:temp=1.22,layers=4  (12983.9s)
    L0: e0=39.0% e2=25.7% e3=35.3%
    L1: e0=22.0% e1=27.9% e2=23.9% e3=26.2%
    L2: e0=26.7% e1=29.2% e2=20.4% e3=23.7%
    L3: e0=22.2% e1=24.6% e2=26.3% e3=26.9%
  step 1800/6400  loss=3.4615  lr=6.67e-05  tok/s=140  experts=15  consensus=0.24  chuck:λ=1.00,σ=0.75  drift=0.054(0.75)  eph:temp=1.19,layers=4  (13121.5s)
    L0: e0=35.6% e2=27.6% e3=36.8%
    L1: e0=22.2% e1=25.6% e2=29.8% e3=22.3%
    L2: e0=23.7% e1=27.7% e2=26.2% e3=22.4%
    L3: e0=20.3% e1=27.9% e2=24.0% e3=27.9%
  step 1820/6400  loss=3.4737  lr=6.64e-05  tok/s=141  experts=15  consensus=0.29  chuck:λ=1.00,σ=0.75  drift=0.054(0.75)  eph:temp=1.14,layers=4  (13261.0s)
    L0: e0=36.4% e2=27.4% e3=36.2%
    L1: e0=22.3% e1=28.4% e2=25.4% e3=23.8%
    L2: e0=22.2% e1=28.1% e2=20.4% e3=29.3%
    L3: e0=25.0% e1=23.9% e2=28.3% e3=22.9%
  step 1840/6400  loss=3.4340  lr=6.62e-05  tok/s=141  experts=15  consensus=0.26  chuck:λ=1.00,σ=0.75  drift=0.054(0.75)  eph:temp=1.17,layers=4  (13399.7s)
    L0: e0=38.3% e2=26.7% e3=35.0%
    L1: e0=23.3% e1=25.3% e2=26.3% e3=25.1%
    L2: e0=25.1% e1=26.4% e2=23.2% e3=25.2%
    L3: e0=22.6% e1=27.0% e2=25.3% e3=25.1%
  step 1860/6400  loss=3.4250  lr=6.59e-05  tok/s=141  experts=15  consensus=0.24  chuck:λ=1.00,σ=0.75  drift=0.044(0.76)  eph:temp=1.19,layers=4  (13536.0s)
    L0: e0=33.3% e2=33.4% e3=33.3%
    L1: e0=21.3% e1=23.6% e2=26.6% e3=28.6%
    L2: e0=23.5% e1=32.3% e2=18.5% e3=25.6%
    L3: e0=19.3% e1=27.5% e2=27.8% e3=25.5%
  step 1880/6400  loss=3.4704  lr=6.56e-05  tok/s=141  experts=15  consensus=0.25  chuck:λ=1.00,σ=0.75  drift=0.044(0.76)  eph:temp=1.18,layers=4  (13672.8s)
    L0: e0=31.1% e2=29.7% e3=39.1%
    L1: e0=23.2% e1=28.1% e2=28.1% e3=20.6%
    L2: e0=27.2% e1=28.4% e2=20.6% e3=23.9%
    L3: e0=20.5% e1=27.1% e2=25.9% e3=26.5%
  step 1900/6400  loss=3.4378  lr=6.54e-05  tok/s=141  experts=15  consensus=0.23  chuck:λ=1.00,σ=0.75  drift=0.034(0.77)  eph:temp=1.20,layers=4  (13809.9s)
    L0: e0=36.8% e2=29.0% e3=34.2%
    L1: e0=24.3% e1=26.7% e2=24.9% e3=24.0%
    L2: e0=25.2% e1=29.4% e2=22.2% e3=23.1%
    L3: e0=22.4% e1=24.2% e2=25.3% e3=28.1%
  step 1920/6400  loss=3.4386  lr=6.51e-05  tok/s=141  experts=15  consensus=0.23  chuck:λ=1.00,σ=0.75  drift=0.034(0.77)  eph:temp=1.21,layers=4  (13948.1s)
    L0: e0=37.2% e2=25.6% e3=37.2%
    L1: e0=24.7% e1=24.5% e2=27.8% e3=23.0%
    L2: e0=23.3% e1=26.3% e2=26.4% e3=24.0%
    L3: e0=20.2% e1=29.2% e2=24.6% e3=26.0%
  step 1940/6400  loss=3.4817  lr=6.48e-05  tok/s=141  experts=15  consensus=0.26  chuck:λ=1.00,σ=0.75  drift=0.034(0.77)  eph:temp=1.17,layers=4  (14088.0s)
    L0: e0=38.7% e2=26.6% e3=34.7%
    L1: e0=24.2% e1=26.9% e2=24.5% e3=24.4%
    L2: e0=25.9% e1=28.3% e2=18.2% e3=27.5%
    L3: e0=23.3% e1=25.3% e2=23.9% e3=27.5%
  step 1960/6400  loss=3.4167  lr=6.45e-05  tok/s=141  experts=15  consensus=0.25  chuck:λ=1.00,σ=0.75  drift=0.015(0.78)  eph:temp=1.18,layers=4  (14226.2s)
    L0: e0=37.1% e2=29.0% e3=33.9%
    L1: e0=25.4% e1=26.5% e2=23.5% e3=24.6%
    L2: e0=25.3% e1=29.7% e2=17.5% e3=27.6%
    L3: e0=23.0% e1=26.4% e2=27.7% e3=23.0%
  step 1980/6400  loss=3.4126  lr=6.43e-05  tok/s=141  experts=15  consensus=0.25  chuck:λ=1.00,σ=0.75  drift=0.015(0.78)  eph:temp=1.18,layers=4  (14363.4s)
    L0: e0=37.8% e2=25.3% e3=36.9%
    L1: e0=24.1% e1=28.9% e2=23.9% e3=23.2%
    L2: e0=21.8% e1=26.2% e2=24.4% e3=27.6%
    L3: e0=22.5% e1=26.2% e2=27.1% e3=24.1%
  step 2000/6400  loss=3.4150  lr=6.40e-05  tok/s=141  experts=15  consensus=0.23  chuck:λ=1.00,σ=0.75  drift=0.010(0.80)  eph:temp=1.20,layers=4  (14499.6s)
    L0: e0=32.7% e2=29.6% e3=37.7%
    L1: e0=24.2% e1=26.0% e2=23.0% e3=26.9%
    L2: e0=21.5% e1=29.7% e2=24.3% e3=24.5%
    L3: e0=22.6% e1=25.7% e2=25.8% e3=25.9%
  step 2020/6400  loss=3.4439  lr=6.37e-05  tok/s=141  experts=15  consensus=0.26  chuck:λ=1.00,σ=0.75  drift=0.010(0.80)  eph:temp=1.17,layers=4  (14635.1s)
    L0: e0=37.8% e2=26.3% e3=35.8%
    L1: e0=23.9% e1=26.3% e2=26.1% e3=23.7%
    L2: e0=22.9% e1=29.8% e2=21.5% e3=25.8%
    L3: e0=22.6% e1=25.3% e2=25.7% e3=26.4%
  step 2040/6400  loss=3.4406  lr=6.34e-05  tok/s=141  experts=15  consensus=0.23  chuck:λ=1.00,σ=0.75  drift=0.010(0.80)  eph:temp=1.19,layers=4  (14770.9s)
    L0: e0=38.1% e2=27.3% e3=34.6%
    L1: e0=18.2% e1=29.5% e2=27.9% e3=24.5%
    L2: e0=25.1% e1=29.9% e2=21.0% e3=24.0%
    L3: e0=20.1% e1=28.1% e2=23.6% e3=28.2%
  step 2060/6400  loss=3.3849  lr=6.31e-05  tok/s=142  experts=15  consensus=0.24  chuck:λ=1.00,σ=0.75  drift=0.032(0.80)  eph:temp=1.19,layers=4  (14906.0s)
    L0: e0=31.3% e2=32.1% e3=36.5%
    L1: e0=21.5% e1=29.1% e2=24.9% e3=24.6%
    L2: e0=24.1% e1=28.8% e2=19.7% e3=27.5%
    L3: e0=21.4% e1=26.7% e2=23.9% e3=28.0%
  step 2080/6400  loss=3.3949  lr=6.28e-05  tok/s=142  experts=15  consensus=0.24  chuck:λ=1.00,σ=0.75  drift=0.032(0.80)  eph:temp=1.18,layers=4  (15040.9s)
    L0: e0=34.1% e2=29.2% e3=36.7%
    L1: e0=25.8% e1=26.5% e2=22.8% e3=24.9%
    L2: e0=27.3% e1=26.6% e2=23.2% e3=22.8%
    L3: e0=23.5% e1=25.8% e2=23.2% e3=27.5%
  step 2100/6400  loss=3.4354  lr=6.25e-05  tok/s=142  experts=15  consensus=0.28  chuck:λ=1.00,σ=0.75  drift=0.282(0.73)  eph:temp=1.15,layers=4  (15176.3s)
    L0: e0=37.7% e2=26.8% e3=35.5%
    L1: e0=24.0% e1=28.4% e2=23.0% e3=24.6%
    L2: e0=26.7% e1=27.0% e2=20.5% e3=25.8%
    L3: e0=21.1% e1=27.6% e2=23.4% e3=28.0%
  step 2120/6400  loss=3.4299  lr=6.22e-05  tok/s=142  experts=15  consensus=0.22  chuck:λ=1.00,σ=0.75  drift=0.282(0.73)  eph:temp=1.21,layers=4  (15312.7s)
    L0: e0=34.2% e2=29.0% e3=36.8%
    L1: e0=23.6% e1=28.8% e2=25.2% e3=22.3%
    L2: e0=22.6% e1=27.9% e2=26.9% e3=22.6%
    L3: e0=18.0% e1=26.2% e2=26.6% e3=29.3%
  step 2140/6400  loss=3.4251  lr=6.19e-05  tok/s=142  experts=15  consensus=0.25  chuck:λ=1.00,σ=0.75  drift=0.282(0.73)  eph:temp=1.17,layers=4  (15449.8s)
    L0: e0=34.8% e2=30.5% e3=34.7%
    L1: e0=26.9% e1=23.8% e2=24.5% e3=24.8%
    L2: e0=24.3% e1=29.6% e2=24.4% e3=21.7%
    L3: e0=21.1% e1=26.3% e2=25.7% e3=26.9%
  step 2160/6400  loss=3.3720  lr=6.16e-05  tok/s=142  experts=15  consensus=0.27  chuck:λ=1.00,σ=0.75  drift=0.146(0.71)  eph:temp=1.15,layers=4  (15586.5s)
    L0: e0=35.0% e2=28.0% e3=37.0%
    L1: e0=27.0% e1=25.2% e2=25.6% e3=22.3%
    L2: e0=24.1% e1=26.9% e2=19.1% e3=29.8%
    L3: e0=23.7% e1=27.2% e2=23.8% e3=25.3%
  step 2180/6400  loss=3.3504  lr=6.13e-05  tok/s=142  experts=15  consensus=0.23  chuck:λ=1.00,σ=0.75  drift=0.146(0.71)  eph:temp=1.19,layers=4  (15722.1s)
    L0: e0=35.0% e2=26.7% e3=38.3%
    L1: e0=23.0% e1=25.8% e2=27.5% e3=23.7%
    L2: e0=23.9% e1=24.9% e2=23.7% e3=27.6%
    L3: e0=24.1% e1=25.0% e2=23.6% e3=27.3%
  step 2200/6400  loss=3.3759  lr=6.10e-05  tok/s=142  experts=15  consensus=0.23  chuck:λ=1.00,σ=0.75  drift=0.282(0.67)  eph:temp=1.19,layers=4  (15856.3s)
    L0: e0=34.4% e2=29.1% e3=36.6%
    L1: e0=26.4% e1=25.6% e2=24.3% e3=23.7%
    L2: e0=26.1% e1=27.4% e2=23.5% e3=23.0%
    L3: e0=24.2% e1=25.6% e2=25.4% e3=24.8%
  step 2220/6400  loss=3.3270  lr=6.06e-05  tok/s=142  experts=15  consensus=0.28  chuck:λ=1.00,σ=0.75  drift=0.282(0.67)  eph:temp=1.14,layers=4  (15989.7s)
    L0: e0=36.2% e2=27.0% e3=36.9%
    L1: e0=20.3% e1=28.0% e2=27.9% e3=23.9%
    L2: e0=22.9% e1=30.5% e2=19.5% e3=27.1%
    L3: e0=21.0% e1=26.6% e2=25.8% e3=26.6%
  step 2240/6400  loss=3.4037  lr=6.03e-05  tok/s=142  experts=15  consensus=0.25  chuck:λ=1.00,σ=0.75  drift=0.282(0.67)  eph:temp=1.17,layers=4  (16122.9s)
    L0: e0=37.1% e2=27.4% e3=35.5%
    L1: e0=24.3% e1=23.6% e2=25.3% e3=26.7%
    L2: e0=24.8% e1=28.1% e2=22.1% e3=25.0%
    L3: e0=21.2% e1=26.3% e2=24.4% e3=28.2%
  step 2260/6400  loss=3.3529  lr=6.00e-05  tok/s=142  experts=15  consensus=0.20  chuck:λ=1.00,σ=0.75  drift=0.143(0.66)  eph:temp=1.21,layers=4  (16255.9s)
    L0: e0=30.4% e2=33.0% e3=36.6%
    L1: e0=27.2% e1=25.8% e2=18.8% e3=28.2%
    L2: e0=26.8% e1=28.4% e2=20.5% e3=24.3%
    L3: e0=20.8% e1=26.8% e2=23.5% e3=28.8%
  step 2280/6400  loss=3.3532  lr=5.97e-05  tok/s=142  experts=15  consensus=0.26  chuck:λ=1.00,σ=0.75  drift=0.143(0.66)  eph:temp=1.15,layers=4  (16388.0s)
    L0: e0=36.1% e2=29.4% e3=34.5%
    L1: e0=23.5% e1=24.6% e2=26.6% e3=25.4%
    L2: e0=23.0% e1=28.2% e2=23.4% e3=25.4%
    L3: e0=23.5% e1=27.8% e2=24.0% e3=24.7%
  step 2300/6400  loss=3.3626  lr=5.94e-05  tok/s=143  experts=15  consensus=0.23  chuck:λ=1.00,σ=0.75  drift=0.012(0.68)  eph:temp=1.18,layers=4  (16520.4s)
    L0: e0=35.8% e2=29.8% e3=34.4%
    L1: e0=21.2% e1=26.4% e2=27.6% e3=24.8%
    L2: e0=23.3% e1=32.8% e2=18.5% e3=25.4%
    L3: e0=24.4% e1=23.9% e2=27.2% e3=24.5%
  step 2320/6400  loss=3.3386  lr=5.90e-05  tok/s=143  experts=15  consensus=0.27  chuck:λ=1.00,σ=0.75  drift=0.012(0.68)  eph:temp=1.15,layers=4  (16653.0s)
    L0: e0=29.3% e2=27.6% e3=43.0%
    L1: e0=25.2% e1=27.6% e2=21.8% e3=25.4%
    L2: e0=27.3% e1=27.5% e2=21.2% e3=24.0%
    L3: e0=22.8% e1=27.4% e2=24.2% e3=25.6%
  step 2340/6400  loss=3.3099  lr=5.87e-05  tok/s=143  experts=15  consensus=0.25  chuck:λ=1.00,σ=0.75  drift=0.012(0.68)  eph:temp=1.17,layers=4  (16785.9s)
    L0: e0=32.4% e2=27.7% e3=40.0%
    L1: e0=19.1% e1=28.9% e2=25.8% e3=26.2%
    L2: e0=22.7% e1=28.5% e2=21.7% e3=27.1%
    L3: e0=18.8% e1=27.7% e2=25.7% e3=27.8%
  step 2360/6400  loss=3.3653  lr=5.84e-05  tok/s=143  experts=15  consensus=0.28  chuck:λ=1.00,σ=0.75  drift=0.282(0.64)  eph:temp=1.14,layers=4  (16918.9s)
    L0: e0=35.8% e2=26.1% e3=38.1%
    L1: e0=28.8% e1=26.1% e2=22.6% e3=22.4%
    L2: e0=22.4% e1=30.7% e2=18.8% e3=28.1%
    L3: e0=22.6% e1=26.4% e2=23.2% e3=27.8%
  step 2380/6400  loss=3.3821  lr=5.80e-05  tok/s=143  experts=15  consensus=0.23  chuck:λ=1.00,σ=0.75  drift=0.282(0.64)  eph:temp=1.19,layers=4  (17052.8s)
    L0: e0=32.0% e2=31.0% e3=37.0%
    L1: e0=25.5% e1=19.3% e2=26.8% e3=28.4%
    L2: e0=25.1% e1=27.8% e2=23.6% e3=23.5%
